38
15
13
-135
15
13
-35
-66
263
-495
42
-41
284
16
-18
-56
-193
-230
31
33
-22
161
-79
-8359
19
-21
21
-60
50
52
7543
-953
140
139
-519
-189
-63
11
12
14
-12
36
-24
11
-17
-254
8880
-188
997
4200
-72
130
132
-32
20
-40
20
12
-129
-115
43
30
65
-330
31
-330
33
-942
999
11
183
185
27
30
-198
-130
12
14
156
158
293
-79
79
-61
28
30
34
-14
-188
-37
-79
12
11
12
21
-22
23
103
105
62
64
585
-1570
2163
51
49
51
-25
-15
125
-49
200
-32
-193
37
153
51
-16
-92
12
104
-28
21
-38
997
-1821
-20
11
13
175
-78
39
-139
16
23
-311
-9556
-12
-83
11
14
-19
55
53
-20
1423
-28
-12
16
25
-27
-172
345
-302
12
-36
-26
22
1407
4434
-5515
-367
80
997
-338
12
-20
12
16
47
11
-16
-835
12
47
341
-831
35
-21
27
-22
19
-17
-17
13
-11
-381
13
27
29
78
181
22
-50
21
-16
12
20
14
14
58
60
24
-20
-127
11
11
-104
21
11
11
-58
58
12
18
20
-41
350
58
2175
2177
-30
-102
-20
34
36
739
350
-59
821
824
4479
-212
16
7333
7950
-102
-309
-18
79
81
-12
-14
20
-61
112
118
24
116
-38
14
-15
-13
24
-12
-12
2313
15
17
-816
12
11
-34
-319
11
756
-18
34
6708
-35
2033
-16
338
339
-11
303
691
9327
310
311
11
-35
24
27
43
17
-12
997
999
48
-310
-4075
41
-24
11
322
-324
-13
12
13
-41
17
321
11
