LENGTH	COUNT	PRCT
10	260	5.61191
11	595	12.8427
12	185	3.99309
13	302	6.51845
14	182	3.92834
15	274	5.91409
16	95	2.05051
17	173	3.73408
18	82	1.76991
19	185	3.99309
20	73	1.57565
21	105	2.26635
22	66	1.42456
23	109	2.35269
24	54	1.16555
25	100	2.15843
26	47	1.01446
27	86	1.85625
28	36	0.777034
29	68	1.46773
30	34	0.733866
31	61	1.31664
32	29	0.625944
33	45	0.971293
34	33	0.712281
35	32	0.690697
36	15	0.323764
37	39	0.841787
38	22	0.474854
39	30	0.647529
40	15	0.323764
41	25	0.539607
42	11	0.237427
43	19	0.410101
44	11	0.237427
45	13	0.280596
46	7	0.15109
47	21	0.45327
48	15	0.323764
49	10	0.215843
50	10	0.215843
51	11	0.237427
52	3	0.0647529
53	6	0.129506
54	6	0.129506
55	11	0.237427
56	7	0.15109
57	7	0.15109
58	7	0.15109
59	15	0.323764
60	12	0.259011
61	8	0.172674
62	3	0.0647529
63	13	0.280596
64	3	0.0647529
65	12	0.259011
66	3	0.0647529
67	10	0.215843
68	8	0.172674
69	8	0.172674
70	6	0.129506
71	9	0.194259
72	2	0.0431686
73	8	0.172674
74	2	0.0431686
75	6	0.129506
76	3	0.0647529
77	8	0.172674
78	4	0.0863371
79	12	0.259011
80	3	0.0647529
81	6	0.129506
82	3	0.0647529
83	6	0.129506
84	4	0.0863371
85	5	0.107921
86	2	0.0431686
87	9	0.194259
88	1	0.0215843
89	5	0.107921
90	4	0.0863371
92	6	0.129506
93	2	0.0431686
94	6	0.129506
95	4	0.0863371
96	2	0.0431686
97	7	0.15109
98	9	0.194259
99	9	0.194259
100	6	0.129506
101	8	0.172674
102	2	0.0431686
103	5	0.107921
104	5	0.107921
105	6	0.129506
106	2	0.0431686
107	7	0.15109
108	3	0.0647529
109	4	0.0863371
110	4	0.0863371
112	5	0.107921
113	2	0.0431686
114	2	0.0431686
115	5	0.107921
116	3	0.0647529
117	3	0.0647529
118	2	0.0431686
119	6	0.129506
120	1	0.0215843
122	4	0.0863371
123	1	0.0215843
124	4	0.0863371
125	4	0.0863371
126	3	0.0647529
127	4	0.0863371
128	4	0.0863371
129	2	0.0431686
130	3	0.0647529
131	3	0.0647529
132	5	0.107921
133	5	0.107921
134	5	0.107921
135	4	0.0863371
137	4	0.0863371
138	4	0.0863371
139	3	0.0647529
140	2	0.0431686
141	1	0.0215843
143	2	0.0431686
144	3	0.0647529
145	2	0.0431686
146	1	0.0215843
147	1	0.0215843
148	1	0.0215843
149	4	0.0863371
150	3	0.0647529
151	3	0.0647529
152	2	0.0431686
153	6	0.129506
154	3	0.0647529
155	3	0.0647529
157	4	0.0863371
158	1	0.0215843
159	4	0.0863371
160	2	0.0431686
161	4	0.0863371
162	1	0.0215843
163	2	0.0431686
164	2	0.0431686
165	3	0.0647529
167	4	0.0863371
168	4	0.0863371
169	4	0.0863371
170	2	0.0431686
171	1	0.0215843
172	3	0.0647529
173	2	0.0431686
175	1	0.0215843
177	1	0.0215843
178	3	0.0647529
179	3	0.0647529
180	1	0.0215843
182	1	0.0215843
185	2	0.0431686
186	1	0.0215843
187	2	0.0431686
189	3	0.0647529
190	1	0.0215843
191	5	0.107921
192	1	0.0215843
193	1	0.0215843
194	2	0.0431686
195	2	0.0431686
196	1	0.0215843
197	1	0.0215843
198	2	0.0431686
200	1	0.0215843
203	4	0.0863371
204	1	0.0215843
205	1	0.0215843
207	1	0.0215843
209	1	0.0215843
211	2	0.0431686
213	1	0.0215843
215	3	0.0647529
216	2	0.0431686
220	1	0.0215843
222	2	0.0431686
224	2	0.0431686
225	3	0.0647529
226	1	0.0215843
227	2	0.0431686
228	1	0.0215843
229	1	0.0215843
230	1	0.0215843
231	1	0.0215843
233	2	0.0431686
235	2	0.0431686
237	1	0.0215843
239	1	0.0215843
240	1	0.0215843
241	1	0.0215843
244	1	0.0215843
246	1	0.0215843
247	1	0.0215843
248	2	0.0431686
249	1	0.0215843
250	1	0.0215843
251	2	0.0431686
252	2	0.0431686
254	2	0.0431686
255	1	0.0215843
256	1	0.0215843
257	2	0.0431686
262	2	0.0431686
263	1	0.0215843
264	1	0.0215843
265	2	0.0431686
266	1	0.0215843
267	1	0.0215843
269	1	0.0215843
270	1	0.0215843
271	1	0.0215843
273	1	0.0215843
274	4	0.0863371
279	2	0.0431686
281	1	0.0215843
282	2	0.0431686
283	1	0.0215843
284	3	0.0647529
285	1	0.0215843
286	2	0.0431686
287	1	0.0215843
288	1	0.0215843
290	2	0.0431686
291	1	0.0215843
292	3	0.0647529
295	3	0.0647529
296	1	0.0215843
297	3	0.0647529
298	1	0.0215843
302	1	0.0215843
304	3	0.0647529
306	2	0.0431686
307	5	0.107921
308	1	0.0215843
309	4	0.0863371
310	3	0.0647529
311	2	0.0431686
312	8	0.172674
313	6	0.129506
314	4	0.0863371
315	3	0.0647529
316	5	0.107921
317	3	0.0647529
318	6	0.129506
319	5	0.107921
320	2	0.0431686
321	6	0.129506
322	1	0.0215843
323	4	0.0863371
324	4	0.0863371
325	4	0.0863371
326	1	0.0215843
327	4	0.0863371
328	8	0.172674
329	4	0.0863371
330	4	0.0863371
331	1	0.0215843
332	2	0.0431686
333	1	0.0215843
334	1	0.0215843
335	2	0.0431686
336	3	0.0647529
337	3	0.0647529
338	1	0.0215843
339	3	0.0647529
341	2	0.0431686
342	3	0.0647529
343	1	0.0215843
344	4	0.0863371
346	1	0.0215843
347	1	0.0215843
348	1	0.0215843
349	1	0.0215843
351	1	0.0215843
352	1	0.0215843
355	1	0.0215843
356	1	0.0215843
357	1	0.0215843
358	2	0.0431686
359	2	0.0431686
360	1	0.0215843
363	2	0.0431686
364	1	0.0215843
366	1	0.0215843
369	2	0.0431686
370	1	0.0215843
375	1	0.0215843
376	1	0.0215843
377	2	0.0431686
379	1	0.0215843
380	1	0.0215843
383	1	0.0215843
385	1	0.0215843
390	1	0.0215843
393	1	0.0215843
398	1	0.0215843
399	1	0.0215843
402	1	0.0215843
404	1	0.0215843
405	1	0.0215843
407	2	0.0431686
410	1	0.0215843
411	2	0.0431686
412	1	0.0215843
416	1	0.0215843
424	1	0.0215843
425	1	0.0215843
428	1	0.0215843
431	1	0.0215843
432	2	0.0431686
436	1	0.0215843
437	1	0.0215843
439	1	0.0215843
441	2	0.0431686
447	1	0.0215843
454	2	0.0431686
461	1	0.0215843
470	1	0.0215843
478	1	0.0215843
483	1	0.0215843
484	1	0.0215843
485	1	0.0215843
490	1	0.0215843
496	1	0.0215843
501	1	0.0215843
502	1	0.0215843
506	1	0.0215843
510	1	0.0215843
514	1	0.0215843
517	1	0.0215843
519	1	0.0215843
532	1	0.0215843
539	1	0.0215843
541	1	0.0215843
542	1	0.0215843
544	1	0.0215843
548	2	0.0431686
552	1	0.0215843
555	2	0.0431686
556	1	0.0215843
561	2	0.0431686
569	1	0.0215843
570	1	0.0215843
582	1	0.0215843
584	1	0.0215843
587	1	0.0215843
589	1	0.0215843
590	1	0.0215843
592	1	0.0215843
593	2	0.0431686
594	1	0.0215843
595	1	0.0215843
597	1	0.0215843
610	1	0.0215843
611	1	0.0215843
613	1	0.0215843
614	1	0.0215843
616	1	0.0215843
617	1	0.0215843
618	1	0.0215843
621	1	0.0215843
625	1	0.0215843
629	1	0.0215843
630	1	0.0215843
631	1	0.0215843
636	1	0.0215843
644	1	0.0215843
657	1	0.0215843
665	1	0.0215843
671	1	0.0215843
676	2	0.0431686
685	1	0.0215843
688	1	0.0215843
695	2	0.0431686
700	1	0.0215843
704	1	0.0215843
707	1	0.0215843
711	2	0.0431686
718	1	0.0215843
720	1	0.0215843
724	1	0.0215843
731	1	0.0215843
734	1	0.0215843
737	1	0.0215843
738	1	0.0215843
745	1	0.0215843
748	1	0.0215843
760	1	0.0215843
769	1	0.0215843
775	1	0.0215843
777	1	0.0215843
779	1	0.0215843
782	1	0.0215843
783	1	0.0215843
786	1	0.0215843
797	1	0.0215843
808	2	0.0431686
813	1	0.0215843
817	1	0.0215843
823	1	0.0215843
834	1	0.0215843
839	1	0.0215843
853	1	0.0215843
857	2	0.0431686
863	1	0.0215843
873	1	0.0215843
909	1	0.0215843
922	1	0.0215843
928	1	0.0215843
937	1	0.0215843
955	1	0.0215843
956	1	0.0215843
967	1	0.0215843
974	1	0.0215843
975	1	0.0215843
976	1	0.0215843
992	1	0.0215843
998	11	0.237427
1005	2	0.0431686
1011	1	0.0215843
1013	1	0.0215843
1015	1	0.0215843
1043	1	0.0215843
1051	1	0.0215843
1052	1	0.0215843
1063	1	0.0215843
1074	1	0.0215843
1091	1	0.0215843
1099	1	0.0215843
1110	1	0.0215843
1114	1	0.0215843
1115	1	0.0215843
1118	1	0.0215843
1170	1	0.0215843
1200	1	0.0215843
1215	1	0.0215843
1222	1	0.0215843
1224	1	0.0215843
1238	1	0.0215843
1248	1	0.0215843
1255	1	0.0215843
1259	1	0.0215843
1264	1	0.0215843
1275	1	0.0215843
1280	1	0.0215843
1284	1	0.0215843
1301	1	0.0215843
1360	1	0.0215843
1362	1	0.0215843
1375	1	0.0215843
1390	1	0.0215843
1405	1	0.0215843
1415	1	0.0215843
1453	1	0.0215843
1503	1	0.0215843
1544	1	0.0215843
1574	1	0.0215843
1594	1	0.0215843
1596	1	0.0215843
1664	1	0.0215843
1682	1	0.0215843
1716	1	0.0215843
1737	1	0.0215843
1780	1	0.0215843
1781	1	0.0215843
1890	1	0.0215843
1894	1	0.0215843
1942	1	0.0215843
1952	1	0.0215843
2020	1	0.0215843
2039	1	0.0215843
2151	1	0.0215843
2174	1	0.0215843
2182	1	0.0215843
2184	1	0.0215843
2203	1	0.0215843
2235	1	0.0215843
2348	1	0.0215843
2419	1	0.0215843
2430	1	0.0215843
2449	1	0.0215843
2537	1	0.0215843
2557	1	0.0215843
2587	1	0.0215843
2647	1	0.0215843
2703	1	0.0215843
2718	1	0.0215843
2733	1	0.0215843
2737	1	0.0215843
2885	1	0.0215843
2929	1	0.0215843
2940	1	0.0215843
2975	1	0.0215843
2992	1	0.0215843
3902	1	0.0215843
4138	1	0.0215843
4513	1	0.0215843
4555	1	0.0215843
4957	1	0.0215843
6748	1	0.0215843
7756	1	0.0215843
8585	1	0.0215843
8829	1	0.0215843
9902	1	0.0215843
