LENGTH	COUNT	PRCT
10	300	6.40478
11	590	12.5961
12	183	3.90692
13	303	6.46883
14	180	3.84287
15	277	5.91375
16	104	2.22032
17	185	3.94962
18	84	1.79334
19	170	3.62938
20	93	1.98548
21	116	2.47652
22	65	1.3877
23	115	2.45517
24	70	1.49445
25	83	1.77199
26	53	1.13151
27	85	1.81469
28	29	0.619129
29	55	1.17421
30	34	0.725875
31	57	1.21691
32	30	0.640478
33	34	0.725875
34	32	0.683177
35	54	1.15286
36	17	0.362938
37	21	0.448335
38	22	0.469684
39	31	0.661827
40	15	0.320239
41	27	0.57643
42	14	0.29889
43	12	0.256191
44	11	0.234842
45	14	0.29889
46	8	0.170794
47	25	0.533732
48	11	0.234842
49	8	0.170794
50	8	0.170794
51	9	0.192143
52	4	0.0853971
53	8	0.170794
54	8	0.170794
55	11	0.234842
56	9	0.192143
57	10	0.213493
58	6	0.128096
59	18	0.384287
60	12	0.256191
61	7	0.149445
62	7	0.149445
63	11	0.234842
64	7	0.149445
65	6	0.128096
66	7	0.149445
67	9	0.192143
68	6	0.128096
69	10	0.213493
70	6	0.128096
71	7	0.149445
72	1	0.0213493
73	1	0.0213493
74	7	0.149445
75	7	0.149445
76	3	0.0640478
77	7	0.149445
78	8	0.170794
79	7	0.149445
80	2	0.0426985
81	5	0.106746
82	1	0.0213493
83	8	0.170794
84	5	0.106746
85	4	0.0853971
86	3	0.0640478
87	1	0.0213493
88	7	0.149445
89	6	0.128096
90	1	0.0213493
91	1	0.0213493
92	5	0.106746
93	3	0.0640478
94	6	0.128096
95	6	0.128096
96	3	0.0640478
97	5	0.106746
98	3	0.0640478
99	11	0.234842
100	3	0.0640478
101	7	0.149445
102	7	0.149445
103	2	0.0426985
104	6	0.128096
105	4	0.0853971
106	2	0.0426985
107	2	0.0426985
108	1	0.0213493
109	6	0.128096
110	2	0.0426985
111	3	0.0640478
112	2	0.0426985
113	1	0.0213493
114	2	0.0426985
115	2	0.0426985
116	3	0.0640478
117	1	0.0213493
118	5	0.106746
119	8	0.170794
120	2	0.0426985
121	3	0.0640478
122	1	0.0213493
124	3	0.0640478
125	5	0.106746
126	6	0.128096
127	3	0.0640478
128	2	0.0426985
129	1	0.0213493
130	1	0.0213493
131	3	0.0640478
132	3	0.0640478
133	3	0.0640478
134	3	0.0640478
135	2	0.0426985
136	2	0.0426985
137	3	0.0640478
138	1	0.0213493
139	3	0.0640478
140	4	0.0853971
141	2	0.0426985
143	6	0.128096
144	1	0.0213493
146	1	0.0213493
147	1	0.0213493
148	2	0.0426985
149	3	0.0640478
150	1	0.0213493
151	2	0.0426985
153	3	0.0640478
154	1	0.0213493
155	4	0.0853971
156	2	0.0426985
157	1	0.0213493
159	4	0.0853971
161	1	0.0213493
163	1	0.0213493
164	2	0.0426985
165	3	0.0640478
166	1	0.0213493
167	1	0.0213493
168	2	0.0426985
169	3	0.0640478
172	5	0.106746
173	1	0.0213493
174	3	0.0640478
175	1	0.0213493
176	1	0.0213493
177	1	0.0213493
178	1	0.0213493
179	4	0.0853971
180	2	0.0426985
182	1	0.0213493
183	1	0.0213493
185	2	0.0426985
186	1	0.0213493
188	5	0.106746
189	2	0.0426985
190	1	0.0213493
191	2	0.0426985
192	2	0.0426985
193	2	0.0426985
194	3	0.0640478
196	1	0.0213493
197	1	0.0213493
198	1	0.0213493
199	3	0.0640478
201	1	0.0213493
203	3	0.0640478
204	1	0.0213493
205	3	0.0640478
207	1	0.0213493
212	1	0.0213493
213	1	0.0213493
215	2	0.0426985
216	3	0.0640478
217	1	0.0213493
218	1	0.0213493
219	1	0.0213493
220	3	0.0640478
221	1	0.0213493
222	1	0.0213493
223	1	0.0213493
224	2	0.0426985
226	1	0.0213493
228	1	0.0213493
230	1	0.0213493
232	2	0.0426985
233	1	0.0213493
234	1	0.0213493
235	1	0.0213493
236	1	0.0213493
237	1	0.0213493
238	1	0.0213493
239	1	0.0213493
242	2	0.0426985
244	2	0.0426985
245	1	0.0213493
246	1	0.0213493
248	1	0.0213493
249	1	0.0213493
251	3	0.0640478
252	3	0.0640478
253	2	0.0426985
256	1	0.0213493
258	2	0.0426985
264	1	0.0213493
265	1	0.0213493
266	1	0.0213493
267	2	0.0426985
270	1	0.0213493
272	2	0.0426985
273	1	0.0213493
274	4	0.0853971
275	2	0.0426985
276	2	0.0426985
278	1	0.0213493
279	2	0.0426985
281	1	0.0213493
283	2	0.0426985
285	2	0.0426985
287	2	0.0426985
288	2	0.0426985
292	2	0.0426985
293	2	0.0426985
294	1	0.0213493
296	2	0.0426985
299	1	0.0213493
301	1	0.0213493
302	1	0.0213493
303	1	0.0213493
304	2	0.0426985
305	1	0.0213493
306	4	0.0853971
307	3	0.0640478
308	2	0.0426985
310	3	0.0640478
311	8	0.170794
312	6	0.128096
313	3	0.0640478
314	4	0.0853971
315	8	0.170794
316	4	0.0853971
317	7	0.149445
318	7	0.149445
319	3	0.0640478
320	5	0.106746
321	6	0.128096
322	4	0.0853971
323	10	0.213493
324	4	0.0853971
325	1	0.0213493
326	7	0.149445
327	2	0.0426985
328	7	0.149445
329	1	0.0213493
330	5	0.106746
331	3	0.0640478
332	2	0.0426985
333	2	0.0426985
334	2	0.0426985
335	1	0.0213493
336	5	0.106746
337	1	0.0213493
338	3	0.0640478
339	2	0.0426985
340	2	0.0426985
343	1	0.0213493
346	2	0.0426985
349	2	0.0426985
350	1	0.0213493
351	1	0.0213493
352	2	0.0426985
355	2	0.0426985
356	1	0.0213493
358	1	0.0213493
359	1	0.0213493
360	2	0.0426985
362	1	0.0213493
363	1	0.0213493
364	1	0.0213493
369	2	0.0426985
371	1	0.0213493
372	1	0.0213493
373	1	0.0213493
376	1	0.0213493
379	1	0.0213493
380	2	0.0426985
384	1	0.0213493
385	2	0.0426985
388	1	0.0213493
390	1	0.0213493
392	1	0.0213493
393	1	0.0213493
398	1	0.0213493
399	1	0.0213493
400	1	0.0213493
401	1	0.0213493
409	2	0.0426985
411	2	0.0426985
412	1	0.0213493
413	1	0.0213493
416	1	0.0213493
419	1	0.0213493
421	1	0.0213493
428	2	0.0426985
430	1	0.0213493
432	1	0.0213493
435	2	0.0426985
439	2	0.0426985
440	1	0.0213493
441	1	0.0213493
447	2	0.0426985
448	1	0.0213493
449	1	0.0213493
453	2	0.0426985
454	1	0.0213493
464	1	0.0213493
465	2	0.0426985
478	1	0.0213493
483	1	0.0213493
492	1	0.0213493
496	1	0.0213493
500	1	0.0213493
503	1	0.0213493
509	2	0.0426985
513	1	0.0213493
520	1	0.0213493
525	1	0.0213493
526	1	0.0213493
531	1	0.0213493
538	1	0.0213493
539	1	0.0213493
544	1	0.0213493
545	1	0.0213493
548	1	0.0213493
551	1	0.0213493
552	1	0.0213493
553	1	0.0213493
558	1	0.0213493
560	1	0.0213493
568	1	0.0213493
569	2	0.0426985
571	1	0.0213493
576	1	0.0213493
578	1	0.0213493
583	1	0.0213493
585	1	0.0213493
587	1	0.0213493
592	1	0.0213493
597	1	0.0213493
611	2	0.0426985
614	2	0.0426985
626	1	0.0213493
630	2	0.0426985
633	1	0.0213493
636	1	0.0213493
637	1	0.0213493
641	1	0.0213493
646	2	0.0426985
663	1	0.0213493
665	2	0.0426985
668	1	0.0213493
672	1	0.0213493
678	2	0.0426985
679	1	0.0213493
684	1	0.0213493
685	1	0.0213493
696	1	0.0213493
697	1	0.0213493
699	2	0.0426985
701	1	0.0213493
707	1	0.0213493
722	1	0.0213493
724	1	0.0213493
728	1	0.0213493
731	1	0.0213493
732	3	0.0640478
736	1	0.0213493
743	1	0.0213493
755	1	0.0213493
758	1	0.0213493
764	1	0.0213493
766	1	0.0213493
775	1	0.0213493
778	1	0.0213493
782	1	0.0213493
784	2	0.0426985
788	1	0.0213493
789	1	0.0213493
794	1	0.0213493
798	1	0.0213493
799	1	0.0213493
807	1	0.0213493
817	1	0.0213493
834	1	0.0213493
843	2	0.0426985
848	1	0.0213493
852	1	0.0213493
854	1	0.0213493
857	1	0.0213493
859	1	0.0213493
908	1	0.0213493
910	1	0.0213493
923	1	0.0213493
925	1	0.0213493
956	1	0.0213493
967	1	0.0213493
975	1	0.0213493
979	1	0.0213493
998	2	0.0426985
1003	1	0.0213493
1010	2	0.0426985
1015	1	0.0213493
1023	1	0.0213493
1036	1	0.0213493
1067	1	0.0213493
1069	1	0.0213493
1071	1	0.0213493
1076	1	0.0213493
1096	1	0.0213493
1116	1	0.0213493
1122	1	0.0213493
1164	1	0.0213493
1182	1	0.0213493
1214	1	0.0213493
1218	2	0.0426985
1222	1	0.0213493
1239	1	0.0213493
1245	1	0.0213493
1267	1	0.0213493
1271	1	0.0213493
1278	1	0.0213493
1284	1	0.0213493
1287	1	0.0213493
1288	1	0.0213493
1313	1	0.0213493
1357	1	0.0213493
1394	1	0.0213493
1410	1	0.0213493
1465	1	0.0213493
1513	1	0.0213493
1555	1	0.0213493
1568	1	0.0213493
1575	1	0.0213493
1579	1	0.0213493
1594	1	0.0213493
1601	1	0.0213493
1612	1	0.0213493
1671	1	0.0213493
1688	1	0.0213493
1761	1	0.0213493
1775	1	0.0213493
1818	1	0.0213493
1820	1	0.0213493
1822	1	0.0213493
1886	2	0.0426985
1891	1	0.0213493
1937	1	0.0213493
1982	1	0.0213493
1997	1	0.0213493
2010	1	0.0213493
2028	1	0.0213493
2031	1	0.0213493
2037	1	0.0213493
2048	1	0.0213493
2141	1	0.0213493
2172	1	0.0213493
2209	1	0.0213493
2212	1	0.0213493
2339	1	0.0213493
2365	1	0.0213493
2367	1	0.0213493
2405	1	0.0213493
2419	1	0.0213493
2431	1	0.0213493
2458	1	0.0213493
2480	1	0.0213493
2547	1	0.0213493
2600	1	0.0213493
2622	1	0.0213493
2646	1	0.0213493
2652	1	0.0213493
2704	1	0.0213493
2716	1	0.0213493
2728	1	0.0213493
2861	1	0.0213493
2893	2	0.0426985
2929	1	0.0213493
2977	1	0.0213493
3035	1	0.0213493
3092	1	0.0213493
3171	1	0.0213493
3192	1	0.0213493
3212	1	0.0213493
3402	1	0.0213493
3576	1	0.0213493
3646	1	0.0213493
3651	1	0.0213493
3668	1	0.0213493
3718	1	0.0213493
3735	1	0.0213493
3900	1	0.0213493
4024	1	0.0213493
4031	1	0.0213493
4064	1	0.0213493
4109	1	0.0213493
4134	1	0.0213493
4136	1	0.0213493
4240	1	0.0213493
4568	1	0.0213493
4571	1	0.0213493
4585	1	0.0213493
4673	1	0.0213493
4869	1	0.0213493
4959	1	0.0213493
6045	1	0.0213493
6054	1	0.0213493
6076	1	0.0213493
6097	1	0.0213493
6105	1	0.0213493
6302	1	0.0213493
6698	1	0.0213493
6794	1	0.0213493
7018	1	0.0213493
7369	1	0.0213493
7619	1	0.0213493
8319	1	0.0213493
15759	1	0.0213493
19413	1	0.0213493
19638	1	0.0213493
