LENGTH	COUNT	PRCT
10	273	6.21868
11	540	12.3007
12	188	4.28246
13	289	6.58314
14	178	4.05467
15	260	5.92255
16	80	1.82232
17	139	3.16629
18	98	2.23235
19	180	4.10023
20	82	1.86788
21	96	2.18679
22	48	1.09339
23	105	2.3918
24	60	1.36674
25	82	1.86788
26	52	1.18451
27	82	1.86788
28	24	0.546697
29	54	1.23007
30	24	0.546697
31	56	1.27563
32	19	0.432802
33	41	0.933941
34	25	0.569476
35	41	0.933941
36	16	0.364465
37	29	0.660592
38	18	0.410023
39	40	0.911162
40	14	0.318907
41	18	0.410023
42	11	0.250569
43	21	0.47836
44	15	0.341686
45	18	0.410023
46	14	0.318907
47	24	0.546697
48	12	0.273349
49	8	0.182232
50	13	0.296128
51	13	0.296128
52	8	0.182232
53	9	0.205011
54	2	0.0455581
55	14	0.318907
56	5	0.113895
57	7	0.159453
58	5	0.113895
59	16	0.364465
60	9	0.205011
61	2	0.0455581
62	10	0.22779
63	8	0.182232
64	6	0.136674
65	8	0.182232
66	3	0.0683371
67	11	0.250569
68	7	0.159453
69	11	0.250569
70	4	0.0911162
71	7	0.159453
72	4	0.0911162
73	4	0.0911162
74	6	0.136674
75	4	0.0911162
76	5	0.113895
77	7	0.159453
78	2	0.0455581
79	8	0.182232
80	5	0.113895
81	10	0.22779
82	1	0.022779
83	11	0.250569
84	3	0.0683371
85	3	0.0683371
86	3	0.0683371
87	6	0.136674
88	7	0.159453
89	5	0.113895
90	1	0.022779
91	4	0.0911162
92	2	0.0455581
93	3	0.0683371
94	2	0.0455581
95	5	0.113895
96	5	0.113895
97	8	0.182232
98	2	0.0455581
99	11	0.250569
100	2	0.0455581
101	7	0.159453
102	3	0.0683371
103	2	0.0455581
104	5	0.113895
105	3	0.0683371
106	3	0.0683371
107	9	0.205011
108	1	0.022779
109	4	0.0911162
110	2	0.0455581
111	4	0.0911162
112	2	0.0455581
113	4	0.0911162
114	3	0.0683371
115	3	0.0683371
116	3	0.0683371
117	5	0.113895
118	2	0.0455581
119	9	0.205011
120	2	0.0455581
121	3	0.0683371
122	1	0.022779
123	4	0.0911162
124	3	0.0683371
125	5	0.113895
126	3	0.0683371
127	2	0.0455581
128	4	0.0911162
129	3	0.0683371
130	2	0.0455581
131	5	0.113895
132	3	0.0683371
134	3	0.0683371
135	1	0.022779
136	1	0.022779
137	3	0.0683371
139	1	0.022779
140	2	0.0455581
143	4	0.0911162
145	1	0.022779
146	2	0.0455581
147	1	0.022779
148	1	0.022779
149	3	0.0683371
150	1	0.022779
151	3	0.0683371
152	1	0.022779
153	4	0.0911162
154	3	0.0683371
155	4	0.0911162
157	1	0.022779
158	1	0.022779
159	2	0.0455581
160	3	0.0683371
161	3	0.0683371
162	1	0.022779
163	1	0.022779
164	3	0.0683371
165	3	0.0683371
166	1	0.022779
167	2	0.0455581
168	1	0.022779
169	1	0.022779
172	3	0.0683371
173	3	0.0683371
174	3	0.0683371
175	1	0.022779
176	2	0.0455581
177	3	0.0683371
178	2	0.0455581
179	2	0.0455581
180	1	0.022779
182	1	0.022779
183	2	0.0455581
184	2	0.0455581
185	2	0.0455581
186	1	0.022779
187	2	0.0455581
188	2	0.0455581
189	2	0.0455581
191	2	0.0455581
192	2	0.0455581
193	2	0.0455581
194	1	0.022779
195	1	0.022779
196	2	0.0455581
198	3	0.0683371
199	2	0.0455581
200	1	0.022779
201	1	0.022779
203	4	0.0911162
204	1	0.022779
205	1	0.022779
206	1	0.022779
207	1	0.022779
211	1	0.022779
212	1	0.022779
213	1	0.022779
214	1	0.022779
215	1	0.022779
216	2	0.0455581
219	1	0.022779
222	3	0.0683371
223	1	0.022779
224	1	0.022779
225	2	0.0455581
228	2	0.0455581
230	1	0.022779
233	3	0.0683371
234	1	0.022779
236	1	0.022779
238	1	0.022779
239	1	0.022779
240	1	0.022779
241	1	0.022779
244	1	0.022779
245	2	0.0455581
246	1	0.022779
248	2	0.0455581
250	2	0.0455581
251	1	0.022779
252	3	0.0683371
254	1	0.022779
255	2	0.0455581
257	1	0.022779
259	1	0.022779
265	1	0.022779
267	1	0.022779
269	1	0.022779
270	1	0.022779
271	2	0.0455581
272	1	0.022779
273	1	0.022779
274	2	0.0455581
276	1	0.022779
278	2	0.0455581
279	1	0.022779
281	2	0.0455581
284	1	0.022779
286	2	0.0455581
290	1	0.022779
291	2	0.0455581
293	1	0.022779
294	1	0.022779
295	1	0.022779
296	1	0.022779
297	3	0.0683371
298	1	0.022779
302	1	0.022779
304	2	0.0455581
305	5	0.113895
306	1	0.022779
307	3	0.0683371
308	5	0.113895
309	3	0.0683371
310	3	0.0683371
311	3	0.0683371
312	3	0.0683371
313	5	0.113895
314	5	0.113895
315	8	0.182232
316	4	0.0911162
317	6	0.136674
318	5	0.113895
319	5	0.113895
320	3	0.0683371
321	3	0.0683371
322	10	0.22779
323	4	0.0911162
324	5	0.113895
325	3	0.0683371
326	4	0.0911162
327	2	0.0455581
328	3	0.0683371
329	5	0.113895
330	4	0.0911162
331	3	0.0683371
332	4	0.0911162
333	4	0.0911162
334	1	0.022779
335	3	0.0683371
336	5	0.113895
337	2	0.0455581
338	6	0.136674
340	3	0.0683371
341	3	0.0683371
342	1	0.022779
343	3	0.0683371
344	1	0.022779
345	1	0.022779
348	2	0.0455581
349	1	0.022779
352	1	0.022779
355	2	0.0455581
356	2	0.0455581
359	1	0.022779
360	1	0.022779
362	2	0.0455581
363	2	0.0455581
364	2	0.0455581
365	1	0.022779
368	1	0.022779
369	1	0.022779
370	1	0.022779
371	1	0.022779
373	1	0.022779
375	1	0.022779
376	2	0.0455581
378	1	0.022779
379	1	0.022779
381	2	0.0455581
383	1	0.022779
387	1	0.022779
388	1	0.022779
389	1	0.022779
390	1	0.022779
391	1	0.022779
398	1	0.022779
401	2	0.0455581
407	1	0.022779
415	1	0.022779
421	2	0.0455581
426	1	0.022779
429	1	0.022779
431	2	0.0455581
436	2	0.0455581
438	2	0.0455581
439	2	0.0455581
442	1	0.022779
446	1	0.022779
449	1	0.022779
450	1	0.022779
452	1	0.022779
457	1	0.022779
460	1	0.022779
464	1	0.022779
469	1	0.022779
481	1	0.022779
484	1	0.022779
489	1	0.022779
492	1	0.022779
499	1	0.022779
510	1	0.022779
511	1	0.022779
514	2	0.0455581
518	1	0.022779
522	1	0.022779
529	1	0.022779
531	1	0.022779
532	1	0.022779
533	1	0.022779
535	1	0.022779
541	1	0.022779
542	1	0.022779
544	1	0.022779
546	1	0.022779
547	1	0.022779
549	1	0.022779
550	1	0.022779
555	1	0.022779
556	1	0.022779
558	1	0.022779
559	1	0.022779
561	1	0.022779
568	1	0.022779
569	2	0.0455581
571	1	0.022779
579	1	0.022779
580	1	0.022779
582	1	0.022779
589	2	0.0455581
590	1	0.022779
592	1	0.022779
593	1	0.022779
599	1	0.022779
606	1	0.022779
607	1	0.022779
608	1	0.022779
611	1	0.022779
613	2	0.0455581
621	1	0.022779
624	1	0.022779
627	1	0.022779
628	1	0.022779
631	1	0.022779
635	1	0.022779
636	1	0.022779
637	1	0.022779
645	1	0.022779
650	1	0.022779
655	1	0.022779
665	1	0.022779
672	1	0.022779
674	1	0.022779
676	1	0.022779
686	1	0.022779
695	3	0.0683371
698	1	0.022779
699	1	0.022779
702	1	0.022779
704	1	0.022779
718	1	0.022779
731	2	0.0455581
733	1	0.022779
734	1	0.022779
739	1	0.022779
745	1	0.022779
758	1	0.022779
767	1	0.022779
778	3	0.0683371
787	1	0.022779
794	1	0.022779
804	1	0.022779
806	2	0.0455581
807	1	0.022779
814	1	0.022779
826	1	0.022779
837	1	0.022779
856	1	0.022779
862	1	0.022779
900	1	0.022779
906	1	0.022779
911	1	0.022779
933	1	0.022779
949	1	0.022779
951	1	0.022779
964	1	0.022779
997	1	0.022779
998	10	0.22779
1002	1	0.022779
1010	1	0.022779
1012	1	0.022779
1020	1	0.022779
1022	1	0.022779
1031	1	0.022779
1054	1	0.022779
1069	1	0.022779
1077	1	0.022779
1079	1	0.022779
1090	1	0.022779
1104	1	0.022779
1123	1	0.022779
1150	1	0.022779
1197	1	0.022779
1222	1	0.022779
1238	1	0.022779
1248	1	0.022779
1270	1	0.022779
1275	1	0.022779
1314	1	0.022779
1321	1	0.022779
1390	1	0.022779
1419	2	0.0455581
1457	1	0.022779
1466	1	0.022779
1474	1	0.022779
1498	1	0.022779
1573	1	0.022779
1575	1	0.022779
1595	1	0.022779
1666	1	0.022779
1682	1	0.022779
1698	1	0.022779
1785	1	0.022779
1820	1	0.022779
1833	1	0.022779
1877	1	0.022779
1890	1	0.022779
1897	1	0.022779
2018	1	0.022779
2035	1	0.022779
2137	1	0.022779
2151	1	0.022779
2165	1	0.022779
2176	1	0.022779
2206	1	0.022779
2306	1	0.022779
2328	1	0.022779
2405	1	0.022779
2441	1	0.022779
2483	1	0.022779
2539	1	0.022779
2645	1	0.022779
2702	1	0.022779
2891	1	0.022779
3539	1	0.022779
3895	1	0.022779
4382	1	0.022779
4525	1	0.022779
5008	1	0.022779
6428	1	0.022779
6728	1	0.022779
7629	1	0.022779
