LENGTH	COUNT	PRCT
-9602	1	0.00715922
-7466	1	0.00715922
-6367	1	0.00715922
-6078	1	0.00715922
-6077	2	0.0143184
-6075	2	0.0143184
-6065	1	0.00715922
-6052	1	0.00715922
-6038	1	0.00715922
-5811	1	0.00715922
-5494	1	0.00715922
-5232	1	0.00715922
-5149	1	0.00715922
-5047	1	0.00715922
-4861	1	0.00715922
-4858	1	0.00715922
-4857	1	0.00715922
-4302	1	0.00715922
-4208	1	0.00715922
-3818	1	0.00715922
-3753	1	0.00715922
-3339	1	0.00715922
-3312	1	0.00715922
-3157	1	0.00715922
-3154	1	0.00715922
-2931	1	0.00715922
-2889	1	0.00715922
-2653	1	0.00715922
-2611	1	0.00715922
-2603	1	0.00715922
-2602	1	0.00715922
-2600	1	0.00715922
-2186	1	0.00715922
-2037	1	0.00715922
-2015	1	0.00715922
-1994	1	0.00715922
-1990	1	0.00715922
-1974	1	0.00715922
-1928	1	0.00715922
-1927	1	0.00715922
-1919	1	0.00715922
-1882	1	0.00715922
-1844	1	0.00715922
-1822	1	0.00715922
-1807	1	0.00715922
-1770	1	0.00715922
-1758	1	0.00715922
-1739	1	0.00715922
-1732	1	0.00715922
-1638	1	0.00715922
-1636	1	0.00715922
-1621	1	0.00715922
-1570	1	0.00715922
-1567	1	0.00715922
-1539	1	0.00715922
-1505	1	0.00715922
-1502	1	0.00715922
-1500	1	0.00715922
-1496	1	0.00715922
-1485	2	0.0143184
-1445	1	0.00715922
-1436	1	0.00715922
-1415	1	0.00715922
-1352	1	0.00715922
-1270	1	0.00715922
-1202	1	0.00715922
-1165	1	0.00715922
-1151	1	0.00715922
-1144	2	0.0143184
-1128	1	0.00715922
-1107	1	0.00715922
-1106	1	0.00715922
-1089	1	0.00715922
-1075	1	0.00715922
-1074	1	0.00715922
-1073	1	0.00715922
-1066	1	0.00715922
-1054	1	0.00715922
-1053	1	0.00715922
-1042	1	0.00715922
-1036	1	0.00715922
-1020	1	0.00715922
-1015	1	0.00715922
-995	2	0.0143184
-964	1	0.00715922
-958	1	0.00715922
-944	1	0.00715922
-942	2	0.0143184
-926	1	0.00715922
-924	1	0.00715922
-864	1	0.00715922
-858	1	0.00715922
-849	2	0.0143184
-848	1	0.00715922
-846	1	0.00715922
-842	1	0.00715922
-831	1	0.00715922
-818	1	0.00715922
-816	1	0.00715922
-814	1	0.00715922
-800	1	0.00715922
-796	1	0.00715922
-794	1	0.00715922
-790	1	0.00715922
-785	1	0.00715922
-766	1	0.00715922
-759	1	0.00715922
-748	1	0.00715922
-717	1	0.00715922
-713	1	0.00715922
-705	1	0.00715922
-700	1	0.00715922
-689	1	0.00715922
-686	1	0.00715922
-684	1	0.00715922
-677	1	0.00715922
-666	1	0.00715922
-654	1	0.00715922
-650	1	0.00715922
-647	1	0.00715922
-640	1	0.00715922
-639	1	0.00715922
-631	1	0.00715922
-627	2	0.0143184
-621	1	0.00715922
-620	1	0.00715922
-612	1	0.00715922
-610	1	0.00715922
-604	1	0.00715922
-602	2	0.0143184
-601	1	0.00715922
-600	1	0.00715922
-597	1	0.00715922
-594	2	0.0143184
-562	1	0.00715922
-538	1	0.00715922
-531	1	0.00715922
-528	1	0.00715922
-520	1	0.00715922
-519	1	0.00715922
-515	1	0.00715922
-509	4	0.0286369
-506	1	0.00715922
-499	1	0.00715922
-496	1	0.00715922
-495	2	0.0143184
-493	3	0.0214777
-492	1	0.00715922
-486	1	0.00715922
-482	1	0.00715922
-478	1	0.00715922
-476	2	0.0143184
-471	1	0.00715922
-468	3	0.0214777
-458	1	0.00715922
-455	1	0.00715922
-453	2	0.0143184
-450	1	0.00715922
-442	1	0.00715922
-434	1	0.00715922
-428	1	0.00715922
-423	1	0.00715922
-420	1	0.00715922
-419	1	0.00715922
-412	1	0.00715922
-402	1	0.00715922
-400	1	0.00715922
-399	2	0.0143184
-396	2	0.0143184
-393	2	0.0143184
-392	1	0.00715922
-391	1	0.00715922
-388	1	0.00715922
-377	1	0.00715922
-376	1	0.00715922
-373	1	0.00715922
-371	1	0.00715922
-360	2	0.0143184
-358	1	0.00715922
-356	1	0.00715922
-354	2	0.0143184
-353	1	0.00715922
-352	1	0.00715922
-351	2	0.0143184
-349	2	0.0143184
-348	1	0.00715922
-345	1	0.00715922
-344	3	0.0214777
-343	3	0.0214777
-342	3	0.0214777
-341	1	0.00715922
-340	2	0.0143184
-339	2	0.0143184
-338	2	0.0143184
-337	2	0.0143184
-336	1	0.00715922
-335	5	0.0357961
-334	3	0.0214777
-333	3	0.0214777
-331	1	0.00715922
-330	2	0.0143184
-329	1	0.00715922
-328	5	0.0357961
-327	3	0.0214777
-326	6	0.0429553
-325	2	0.0143184
-324	3	0.0214777
-323	9	0.064433
-322	4	0.0286369
-321	6	0.0429553
-320	7	0.0501145
-319	6	0.0429553
-318	4	0.0286369
-317	5	0.0357961
-316	1	0.00715922
-315	7	0.0501145
-314	4	0.0286369
-313	5	0.0357961
-312	6	0.0429553
-311	6	0.0429553
-310	1	0.00715922
-309	1	0.00715922
-307	1	0.00715922
-306	1	0.00715922
-305	1	0.00715922
-304	1	0.00715922
-303	2	0.0143184
-301	1	0.00715922
-300	1	0.00715922
-299	1	0.00715922
-298	1	0.00715922
-297	1	0.00715922
-293	1	0.00715922
-288	1	0.00715922
-287	4	0.0286369
-286	1	0.00715922
-285	1	0.00715922
-284	2	0.0143184
-283	1	0.00715922
-282	1	0.00715922
-281	2	0.0143184
-280	2	0.0143184
-279	1	0.00715922
-276	1	0.00715922
-273	3	0.0214777
-272	1	0.00715922
-267	1	0.00715922
-266	1	0.00715922
-265	1	0.00715922
-264	1	0.00715922
-263	1	0.00715922
-262	1	0.00715922
-261	2	0.0143184
-258	1	0.00715922
-256	1	0.00715922
-254	2	0.0143184
-252	1	0.00715922
-251	2	0.0143184
-250	1	0.00715922
-240	1	0.00715922
-239	1	0.00715922
-238	1	0.00715922
-234	4	0.0286369
-230	1	0.00715922
-228	1	0.00715922
-227	1	0.00715922
-226	1	0.00715922
-225	3	0.0214777
-224	2	0.0143184
-223	2	0.0143184
-222	1	0.00715922
-217	1	0.00715922
-216	2	0.0143184
-215	1	0.00715922
-214	1	0.00715922
-213	1	0.00715922
-212	2	0.0143184
-208	2	0.0143184
-207	2	0.0143184
-206	3	0.0214777
-205	2	0.0143184
-204	4	0.0286369
-203	2	0.0143184
-202	1	0.00715922
-201	2	0.0143184
-198	1	0.00715922
-197	1	0.00715922
-196	2	0.0143184
-195	1	0.00715922
-192	2	0.0143184
-190	1	0.00715922
-189	4	0.0286369
-188	6	0.0429553
-187	4	0.0286369
-186	5	0.0357961
-184	1	0.00715922
-183	1	0.00715922
-180	1	0.00715922
-179	1	0.00715922
-178	1	0.00715922
-177	2	0.0143184
-176	2	0.0143184
-175	2	0.0143184
-174	3	0.0214777
-173	1	0.00715922
-172	6	0.0429553
-171	4	0.0286369
-168	3	0.0214777
-167	1	0.00715922
-166	1	0.00715922
-164	1	0.00715922
-163	2	0.0143184
-162	1	0.00715922
-161	4	0.0286369
-159	1	0.00715922
-158	3	0.0214777
-157	6	0.0429553
-156	3	0.0214777
-154	1	0.00715922
-153	4	0.0286369
-152	5	0.0357961
-151	4	0.0286369
-149	1	0.00715922
-148	3	0.0214777
-146	4	0.0286369
-145	1	0.00715922
-144	3	0.0214777
-143	1	0.00715922
-142	1	0.00715922
-141	1	0.00715922
-139	1	0.00715922
-138	3	0.0214777
-137	4	0.0286369
-136	4	0.0286369
-135	3	0.0214777
-134	1	0.00715922
-133	2	0.0143184
-132	1	0.00715922
-131	3	0.0214777
-130	2	0.0143184
-129	5	0.0357961
-128	5	0.0357961
-127	3	0.0214777
-126	7	0.0501145
-125	3	0.0214777
-124	3	0.0214777
-123	5	0.0357961
-122	4	0.0286369
-121	1	0.00715922
-120	2	0.0143184
-119	3	0.0214777
-118	2	0.0143184
-116	4	0.0286369
-114	4	0.0286369
-113	2	0.0143184
-112	4	0.0286369
-111	2	0.0143184
-110	2	0.0143184
-109	1	0.00715922
-108	5	0.0357961
-107	4	0.0286369
-106	4	0.0286369
-105	3	0.0214777
-104	6	0.0429553
-103	2	0.0143184
-102	4	0.0286369
-101	2	0.0143184
-100	3	0.0214777
-99	6	0.0429553
-98	4	0.0286369
-97	2	0.0143184
-96	7	0.0501145
-95	6	0.0429553
-94	7	0.0501145
-93	7	0.0501145
-92	4	0.0286369
-91	1	0.00715922
-90	5	0.0357961
-89	2	0.0143184
-88	4	0.0286369
-87	3	0.0214777
-86	5	0.0357961
-85	4	0.0286369
-84	11	0.0787514
-83	10	0.0715922
-82	6	0.0429553
-81	2	0.0143184
-80	5	0.0357961
-79	4	0.0286369
-78	8	0.0572738
-77	5	0.0357961
-76	11	0.0787514
-75	4	0.0286369
-74	7	0.0501145
-73	5	0.0357961
-72	6	0.0429553
-71	5	0.0357961
-70	7	0.0501145
-69	3	0.0214777
-68	6	0.0429553
-67	5	0.0357961
-66	12	0.0859107
-65	6	0.0429553
-64	9	0.064433
-63	9	0.064433
-62	9	0.064433
-61	9	0.064433
-60	16	0.114548
-59	7	0.0501145
-58	13	0.0930699
-57	10	0.0715922
-56	16	0.114548
-55	7	0.0501145
-54	15	0.107388
-53	11	0.0787514
-52	17	0.121707
-51	14	0.100229
-50	30	0.214777
-49	23	0.164662
-48	41	0.293528
-47	10	0.0715922
-46	19	0.136025
-45	14	0.100229
-44	21	0.150344
-43	16	0.114548
-42	32	0.229095
-41	23	0.164662
-40	41	0.293528
-39	27	0.193299
-38	43	0.307847
-37	36	0.257732
-36	51	0.36512
-35	35	0.250573
-34	50	0.357961
-33	32	0.229095
-32	75	0.536942
-31	34	0.243414
-30	85	0.608534
-29	48	0.343643
-28	113	0.808992
-27	62	0.443872
-26	110	0.787514
-25	77	0.55126
-24	154	1.10252
-23	76	0.544101
-22	153	1.09536
-21	89	0.637171
-20	283	2.02606
-19	95	0.680126
-18	223	1.59651
-17	132	0.945017
-16	370	2.64891
-15	240	1.71821
-14	380	2.7205
-13	272	1.94731
-12	774	5.54124
-11	339	2.42698
-10	807	5.77749
-9	508	3.63688
-8	141	1.00945
-7	22	0.157503
-6	88	0.630011
-5	45	0.322165
-4	129	0.92354
-3	39	0.27921
-2	101	0.723081
-1	39	0.27921
1	35	0.250573
2	79	0.565578
3	34	0.243414
4	110	0.787514
5	28	0.200458
6	85	0.608534
7	8	0.0572738
8	121	0.866266
9	415	2.97108
10	717	5.13316
11	246	1.76117
12	669	4.78952
13	192	1.37457
14	339	2.42698
15	178	1.27434
16	336	2.4055
17	88	0.630011
18	189	1.35309
19	68	0.486827
20	225	1.61082
21	82	0.587056
22	137	0.980813
23	70	0.501145
24	146	1.04525
25	64	0.45819
26	97	0.694444
27	53	0.379439
28	90	0.64433
29	30	0.214777
30	89	0.637171
31	25	0.178981
32	80	0.572738
33	27	0.193299
34	34	0.243414
35	35	0.250573
36	59	0.422394
37	25	0.178981
38	24	0.171821
39	20	0.143184
40	42	0.300687
41	17	0.121707
42	34	0.243414
43	12	0.0859107
44	29	0.207617
45	13	0.0930699
46	13	0.0930699
47	8	0.0572738
48	35	0.250573
49	15	0.107388
50	17	0.121707
51	13	0.0930699
52	16	0.114548
53	2	0.0143184
54	14	0.100229
55	6	0.0429553
56	12	0.0859107
57	9	0.064433
58	20	0.143184
59	7	0.0501145
60	18	0.128866
61	10	0.0715922
62	10	0.0715922
63	4	0.0286369
64	12	0.0859107
65	4	0.0286369
66	8	0.0572738
67	5	0.0357961
68	15	0.107388
69	2	0.0143184
70	11	0.0787514
71	4	0.0286369
72	11	0.0787514
73	2	0.0143184
74	12	0.0859107
75	7	0.0501145
76	6	0.0429553
77	1	0.00715922
78	9	0.064433
79	1	0.00715922
80	11	0.0787514
81	5	0.0357961
82	6	0.0429553
84	8	0.0572738
85	2	0.0143184
86	4	0.0286369
87	3	0.0214777
88	5	0.0357961
89	3	0.0214777
90	7	0.0501145
91	2	0.0143184
92	5	0.0357961
93	5	0.0357961
94	3	0.0214777
95	3	0.0214777
96	5	0.0357961
97	1	0.00715922
98	6	0.0429553
99	4	0.0286369
100	6	0.0429553
101	2	0.0143184
102	9	0.064433
103	4	0.0286369
104	8	0.0572738
105	7	0.0501145
106	1	0.00715922
107	1	0.00715922
108	4	0.0286369
110	5	0.0357961
111	5	0.0357961
112	1	0.00715922
113	4	0.0286369
114	8	0.0572738
115	3	0.0214777
116	5	0.0357961
117	3	0.0214777
118	4	0.0286369
119	3	0.0214777
120	8	0.0572738
121	3	0.0214777
122	1	0.00715922
123	2	0.0143184
124	6	0.0429553
125	1	0.00715922
126	3	0.0214777
127	2	0.0143184
128	4	0.0286369
129	2	0.0143184
130	1	0.00715922
131	3	0.0214777
132	5	0.0357961
133	6	0.0429553
134	2	0.0143184
135	2	0.0143184
137	1	0.00715922
138	3	0.0214777
140	2	0.0143184
141	3	0.0214777
142	2	0.0143184
144	4	0.0286369
145	2	0.0143184
146	1	0.00715922
147	2	0.0143184
148	4	0.0286369
150	4	0.0286369
151	1	0.00715922
152	3	0.0214777
154	2	0.0143184
155	3	0.0214777
156	3	0.0214777
157	3	0.0214777
158	2	0.0143184
159	3	0.0214777
160	6	0.0429553
161	2	0.0143184
162	1	0.00715922
163	1	0.00715922
164	1	0.00715922
165	2	0.0143184
166	2	0.0143184
168	3	0.0214777
169	1	0.00715922
170	2	0.0143184
173	1	0.00715922
178	4	0.0286369
180	2	0.0143184
181	1	0.00715922
182	2	0.0143184
183	1	0.00715922
184	1	0.00715922
185	1	0.00715922
186	2	0.0143184
187	2	0.0143184
190	1	0.00715922
191	1	0.00715922
192	1	0.00715922
194	1	0.00715922
195	2	0.0143184
196	3	0.0214777
198	4	0.0286369
199	2	0.0143184
200	1	0.00715922
201	2	0.0143184
206	1	0.00715922
208	2	0.0143184
210	1	0.00715922
211	1	0.00715922
214	3	0.0214777
215	1	0.00715922
216	2	0.0143184
217	2	0.0143184
220	1	0.00715922
222	1	0.00715922
223	1	0.00715922
224	1	0.00715922
227	1	0.00715922
229	2	0.0143184
230	2	0.0143184
233	1	0.00715922
234	1	0.00715922
237	1	0.00715922
239	1	0.00715922
240	3	0.0214777
241	1	0.00715922
244	3	0.0214777
245	1	0.00715922
250	1	0.00715922
252	2	0.0143184
253	1	0.00715922
254	2	0.0143184
255	1	0.00715922
256	2	0.0143184
257	1	0.00715922
258	2	0.0143184
260	1	0.00715922
261	1	0.00715922
264	1	0.00715922
266	1	0.00715922
268	1	0.00715922
269	1	0.00715922
270	2	0.0143184
274	1	0.00715922
279	1	0.00715922
283	1	0.00715922
286	2	0.0143184
294	1	0.00715922
297	1	0.00715922
298	1	0.00715922
305	1	0.00715922
306	1	0.00715922
309	2	0.0143184
312	2	0.0143184
313	2	0.0143184
317	2	0.0143184
319	1	0.00715922
321	1	0.00715922
324	2	0.0143184
329	1	0.00715922
330	1	0.00715922
337	2	0.0143184
338	1	0.00715922
346	3	0.0214777
350	1	0.00715922
353	1	0.00715922
357	1	0.00715922
360	1	0.00715922
363	1	0.00715922
377	1	0.00715922
378	1	0.00715922
380	1	0.00715922
401	1	0.00715922
402	1	0.00715922
417	1	0.00715922
428	1	0.00715922
432	1	0.00715922
438	1	0.00715922
440	1	0.00715922
442	1	0.00715922
454	1	0.00715922
465	1	0.00715922
483	1	0.00715922
492	1	0.00715922
493	1	0.00715922
497	1	0.00715922
503	2	0.0143184
511	1	0.00715922
519	1	0.00715922
526	1	0.00715922
529	1	0.00715922
533	1	0.00715922
536	1	0.00715922
538	1	0.00715922
544	1	0.00715922
547	1	0.00715922
549	2	0.0143184
553	1	0.00715922
556	1	0.00715922
557	1	0.00715922
559	1	0.00715922
564	1	0.00715922
571	1	0.00715922
573	1	0.00715922
583	1	0.00715922
591	1	0.00715922
626	1	0.00715922
632	1	0.00715922
666	1	0.00715922
672	1	0.00715922
718	1	0.00715922
735	1	0.00715922
744	1	0.00715922
782	2	0.0143184
813	1	0.00715922
831	1	0.00715922
862	1	0.00715922
917	1	0.00715922
927	1	0.00715922
1006	1	0.00715922
1156	1	0.00715922
