LENGTH	COUNT	PRCT
-7835	1	0.00719942
-6367	1	0.00719942
-6078	1	0.00719942
-6077	2	0.0143988
-6075	1	0.00719942
-6065	1	0.00719942
-6059	1	0.00719942
-6052	1	0.00719942
-6038	1	0.00719942
-6037	1	0.00719942
-5335	1	0.00719942
-5149	1	0.00719942
-5047	1	0.00719942
-4695	1	0.00719942
-4656	1	0.00719942
-4208	1	0.00719942
-3859	1	0.00719942
-3818	1	0.00719942
-3744	1	0.00719942
-3312	1	0.00719942
-3311	1	0.00719942
-3210	1	0.00719942
-3160	1	0.00719942
-3157	1	0.00719942
-3154	1	0.00719942
-3038	1	0.00719942
-2925	1	0.00719942
-2924	1	0.00719942
-2889	1	0.00719942
-2736	1	0.00719942
-2686	1	0.00719942
-2654	1	0.00719942
-2653	1	0.00719942
-2652	1	0.00719942
-2636	1	0.00719942
-2611	1	0.00719942
-2603	1	0.00719942
-2600	1	0.00719942
-2388	1	0.00719942
-2229	1	0.00719942
-2050	1	0.00719942
-2037	1	0.00719942
-2015	1	0.00719942
-1995	1	0.00719942
-1994	1	0.00719942
-1977	1	0.00719942
-1927	1	0.00719942
-1844	1	0.00719942
-1822	1	0.00719942
-1777	1	0.00719942
-1771	1	0.00719942
-1758	1	0.00719942
-1731	1	0.00719942
-1727	1	0.00719942
-1719	1	0.00719942
-1636	1	0.00719942
-1613	1	0.00719942
-1606	1	0.00719942
-1500	1	0.00719942
-1485	1	0.00719942
-1469	1	0.00719942
-1445	1	0.00719942
-1404	1	0.00719942
-1370	1	0.00719942
-1352	2	0.0143988
-1339	1	0.00719942
-1319	1	0.00719942
-1279	1	0.00719942
-1204	1	0.00719942
-1189	1	0.00719942
-1165	1	0.00719942
-1151	1	0.00719942
-1144	2	0.0143988
-1142	1	0.00719942
-1089	1	0.00719942
-1075	1	0.00719942
-1066	1	0.00719942
-1042	1	0.00719942
-1036	1	0.00719942
-1014	1	0.00719942
-995	1	0.00719942
-994	1	0.00719942
-976	1	0.00719942
-964	1	0.00719942
-943	1	0.00719942
-939	1	0.00719942
-920	1	0.00719942
-884	1	0.00719942
-875	1	0.00719942
-866	1	0.00719942
-865	1	0.00719942
-864	2	0.0143988
-860	1	0.00719942
-846	1	0.00719942
-842	1	0.00719942
-835	1	0.00719942
-818	1	0.00719942
-817	1	0.00719942
-816	2	0.0143988
-814	1	0.00719942
-808	1	0.00719942
-806	2	0.0143988
-800	1	0.00719942
-799	1	0.00719942
-796	1	0.00719942
-794	1	0.00719942
-790	1	0.00719942
-780	1	0.00719942
-775	1	0.00719942
-766	1	0.00719942
-764	1	0.00719942
-748	2	0.0143988
-726	1	0.00719942
-700	1	0.00719942
-699	1	0.00719942
-692	1	0.00719942
-684	1	0.00719942
-680	1	0.00719942
-677	1	0.00719942
-650	1	0.00719942
-647	1	0.00719942
-640	1	0.00719942
-621	1	0.00719942
-612	1	0.00719942
-604	1	0.00719942
-601	1	0.00719942
-600	2	0.0143988
-594	1	0.00719942
-570	1	0.00719942
-558	1	0.00719942
-542	1	0.00719942
-531	1	0.00719942
-528	1	0.00719942
-527	1	0.00719942
-520	1	0.00719942
-511	1	0.00719942
-509	6	0.0431965
-506	1	0.00719942
-504	2	0.0143988
-501	1	0.00719942
-499	1	0.00719942
-495	3	0.0215983
-494	1	0.00719942
-493	2	0.0143988
-492	1	0.00719942
-490	1	0.00719942
-486	1	0.00719942
-478	1	0.00719942
-477	1	0.00719942
-476	2	0.0143988
-475	1	0.00719942
-474	1	0.00719942
-473	1	0.00719942
-458	2	0.0143988
-457	1	0.00719942
-453	1	0.00719942
-451	1	0.00719942
-450	3	0.0215983
-448	1	0.00719942
-446	1	0.00719942
-442	1	0.00719942
-435	1	0.00719942
-433	1	0.00719942
-431	1	0.00719942
-428	2	0.0143988
-427	1	0.00719942
-423	1	0.00719942
-422	1	0.00719942
-419	1	0.00719942
-418	1	0.00719942
-416	1	0.00719942
-413	1	0.00719942
-412	1	0.00719942
-411	1	0.00719942
-402	1	0.00719942
-400	1	0.00719942
-396	2	0.0143988
-393	2	0.0143988
-382	1	0.00719942
-380	1	0.00719942
-373	1	0.00719942
-372	2	0.0143988
-371	3	0.0215983
-362	1	0.00719942
-361	1	0.00719942
-360	1	0.00719942
-359	2	0.0143988
-358	1	0.00719942
-356	1	0.00719942
-354	1	0.00719942
-353	1	0.00719942
-351	2	0.0143988
-350	3	0.0215983
-349	1	0.00719942
-348	1	0.00719942
-347	1	0.00719942
-345	1	0.00719942
-344	1	0.00719942
-343	4	0.0287977
-342	2	0.0143988
-341	1	0.00719942
-339	3	0.0215983
-338	2	0.0143988
-337	2	0.0143988
-336	2	0.0143988
-335	3	0.0215983
-334	2	0.0143988
-333	2	0.0143988
-331	4	0.0287977
-330	1	0.00719942
-329	2	0.0143988
-328	4	0.0287977
-327	5	0.0359971
-326	7	0.050396
-325	3	0.0215983
-324	5	0.0359971
-323	9	0.0647948
-322	7	0.050396
-321	5	0.0359971
-320	7	0.050396
-319	6	0.0431965
-318	3	0.0215983
-317	4	0.0287977
-316	2	0.0143988
-315	8	0.0575954
-314	3	0.0215983
-313	6	0.0431965
-312	6	0.0431965
-311	7	0.050396
-309	1	0.00719942
-308	3	0.0215983
-307	3	0.0215983
-306	1	0.00719942
-305	1	0.00719942
-304	1	0.00719942
-303	3	0.0215983
-302	1	0.00719942
-300	1	0.00719942
-297	1	0.00719942
-294	3	0.0215983
-293	1	0.00719942
-288	1	0.00719942
-287	2	0.0143988
-285	2	0.0143988
-282	2	0.0143988
-281	2	0.0143988
-280	3	0.0215983
-279	1	0.00719942
-276	1	0.00719942
-275	1	0.00719942
-272	1	0.00719942
-268	1	0.00719942
-266	2	0.0143988
-264	1	0.00719942
-263	1	0.00719942
-262	1	0.00719942
-256	1	0.00719942
-255	2	0.0143988
-254	3	0.0215983
-253	2	0.0143988
-252	2	0.0143988
-251	2	0.0143988
-250	1	0.00719942
-247	1	0.00719942
-246	2	0.0143988
-237	1	0.00719942
-234	2	0.0143988
-230	3	0.0215983
-228	2	0.0143988
-227	2	0.0143988
-226	1	0.00719942
-223	1	0.00719942
-216	2	0.0143988
-215	1	0.00719942
-213	1	0.00719942
-212	2	0.0143988
-210	1	0.00719942
-209	1	0.00719942
-207	3	0.0215983
-206	1	0.00719942
-202	2	0.0143988
-201	1	0.00719942
-200	2	0.0143988
-199	2	0.0143988
-195	1	0.00719942
-194	1	0.00719942
-193	1	0.00719942
-192	3	0.0215983
-191	3	0.0215983
-190	4	0.0287977
-189	2	0.0143988
-188	5	0.0359971
-187	3	0.0215983
-186	4	0.0287977
-185	2	0.0143988
-182	1	0.00719942
-180	1	0.00719942
-179	1	0.00719942
-177	1	0.00719942
-176	3	0.0215983
-175	2	0.0143988
-174	4	0.0287977
-173	1	0.00719942
-172	2	0.0143988
-171	2	0.0143988
-168	1	0.00719942
-167	2	0.0143988
-166	1	0.00719942
-164	2	0.0143988
-163	2	0.0143988
-161	2	0.0143988
-160	3	0.0215983
-159	1	0.00719942
-157	5	0.0359971
-156	3	0.0215983
-155	1	0.00719942
-153	3	0.0215983
-152	5	0.0359971
-151	6	0.0431965
-149	1	0.00719942
-148	3	0.0215983
-147	1	0.00719942
-146	2	0.0143988
-144	3	0.0215983
-143	4	0.0287977
-142	1	0.00719942
-141	3	0.0215983
-140	3	0.0215983
-138	1	0.00719942
-137	2	0.0143988
-136	3	0.0215983
-135	1	0.00719942
-134	6	0.0431965
-133	1	0.00719942
-132	2	0.0143988
-131	2	0.0143988
-130	3	0.0215983
-129	3	0.0215983
-128	8	0.0575954
-127	7	0.050396
-126	8	0.0575954
-125	5	0.0359971
-124	3	0.0215983
-123	2	0.0143988
-122	2	0.0143988
-120	2	0.0143988
-119	2	0.0143988
-118	1	0.00719942
-117	1	0.00719942
-116	3	0.0215983
-115	2	0.0143988
-114	4	0.0287977
-113	2	0.0143988
-112	3	0.0215983
-110	1	0.00719942
-109	1	0.00719942
-108	8	0.0575954
-107	1	0.00719942
-106	2	0.0143988
-105	5	0.0359971
-104	5	0.0359971
-103	1	0.00719942
-102	4	0.0287977
-101	4	0.0287977
-100	8	0.0575954
-99	7	0.050396
-98	8	0.0575954
-97	6	0.0431965
-96	9	0.0647948
-95	5	0.0359971
-94	8	0.0575954
-93	12	0.0863931
-92	4	0.0287977
-91	3	0.0215983
-90	7	0.050396
-89	5	0.0359971
-88	4	0.0287977
-87	3	0.0215983
-86	2	0.0143988
-85	3	0.0215983
-84	7	0.050396
-83	13	0.0935925
-82	6	0.0431965
-81	1	0.00719942
-79	4	0.0287977
-78	12	0.0863931
-77	4	0.0287977
-76	9	0.0647948
-75	3	0.0215983
-74	9	0.0647948
-73	8	0.0575954
-72	11	0.0791937
-71	3	0.0215983
-70	10	0.0719942
-69	4	0.0287977
-68	7	0.050396
-67	9	0.0647948
-66	16	0.115191
-65	3	0.0215983
-64	9	0.0647948
-63	7	0.050396
-62	15	0.107991
-61	12	0.0863931
-60	18	0.12959
-59	11	0.0791937
-58	16	0.115191
-57	9	0.0647948
-56	12	0.0863931
-55	10	0.0719942
-54	25	0.179986
-53	6	0.0431965
-52	15	0.107991
-51	15	0.107991
-50	25	0.179986
-49	15	0.107991
-48	30	0.215983
-47	11	0.0791937
-46	21	0.151188
-45	14	0.100792
-44	26	0.187185
-43	13	0.0935925
-42	38	0.273578
-41	21	0.151188
-40	37	0.266379
-39	34	0.24478
-38	41	0.295176
-37	18	0.12959
-36	45	0.323974
-35	36	0.259179
-34	49	0.352772
-33	30	0.215983
-32	71	0.511159
-31	33	0.237581
-30	68	0.489561
-29	39	0.280778
-28	90	0.647948
-27	56	0.403168
-26	103	0.741541
-25	72	0.518359
-24	154	1.10871
-23	64	0.460763
-22	142	1.02232
-21	109	0.784737
-20	279	2.00864
-19	107	0.770338
-18	238	1.71346
-17	122	0.87833
-16	389	2.80058
-15	230	1.65587
-14	354	2.5486
-13	274	1.97264
-12	755	5.43557
-11	334	2.40461
-10	829	5.96832
-9	498	3.58531
-8	151	1.08711
-7	12	0.0863931
-6	95	0.683945
-5	29	0.208783
-4	115	0.827934
-3	39	0.280778
-2	92	0.662347
-1	49	0.352772
1	36	0.259179
2	92	0.662347
3	26	0.187185
4	106	0.763139
5	39	0.280778
6	83	0.597552
7	11	0.0791937
8	99	0.712743
9	381	2.74298
10	697	5.018
11	244	1.75666
12	667	4.80202
13	188	1.35349
14	354	2.5486
15	197	1.41829
16	337	2.42621
17	98	0.705544
18	198	1.42549
19	65	0.467963
20	241	1.73506
21	81	0.583153
22	114	0.820734
23	66	0.475162
24	145	1.04392
25	52	0.37437
26	109	0.784737
27	53	0.381569
28	94	0.676746
29	35	0.25198
30	71	0.511159
31	23	0.165587
32	74	0.532757
33	26	0.187185
34	45	0.323974
35	34	0.24478
36	56	0.403168
37	17	0.12239
38	25	0.179986
39	18	0.12959
40	48	0.345572
41	17	0.12239
42	30	0.215983
43	12	0.0863931
44	28	0.201584
45	16	0.115191
46	14	0.100792
47	15	0.107991
48	19	0.136789
49	11	0.0791937
50	17	0.12239
51	13	0.0935925
52	11	0.0791937
53	6	0.0431965
54	11	0.0791937
55	6	0.0431965
56	14	0.100792
57	10	0.0719942
58	14	0.100792
59	6	0.0431965
60	25	0.179986
61	9	0.0647948
62	11	0.0791937
63	5	0.0359971
64	12	0.0863931
65	2	0.0143988
66	11	0.0791937
67	3	0.0215983
68	19	0.136789
69	4	0.0287977
70	4	0.0287977
71	8	0.0575954
72	12	0.0863931
73	4	0.0287977
74	10	0.0719942
75	4	0.0287977
76	7	0.050396
77	4	0.0287977
78	7	0.050396
79	5	0.0359971
80	10	0.0719942
81	3	0.0215983
82	10	0.0719942
84	8	0.0575954
85	2	0.0143988
86	6	0.0431965
87	3	0.0215983
88	4	0.0287977
89	1	0.00719942
90	12	0.0863931
91	3	0.0215983
92	4	0.0287977
93	6	0.0431965
94	2	0.0143988
95	4	0.0287977
96	4	0.0287977
97	2	0.0143988
98	8	0.0575954
99	3	0.0215983
100	8	0.0575954
101	1	0.00719942
102	8	0.0575954
103	1	0.00719942
104	8	0.0575954
105	4	0.0287977
106	3	0.0215983
107	1	0.00719942
108	4	0.0287977
109	1	0.00719942
110	6	0.0431965
111	2	0.0143988
112	2	0.0143988
113	4	0.0287977
114	3	0.0215983
115	5	0.0359971
116	4	0.0287977
117	4	0.0287977
118	5	0.0359971
119	6	0.0431965
120	3	0.0215983
121	1	0.00719942
122	6	0.0431965
123	4	0.0287977
124	3	0.0215983
126	5	0.0359971
127	3	0.0215983
128	6	0.0431965
129	3	0.0215983
130	4	0.0287977
131	4	0.0287977
132	7	0.050396
133	4	0.0287977
135	6	0.0431965
136	2	0.0143988
137	1	0.00719942
138	1	0.00719942
140	1	0.00719942
141	5	0.0359971
142	5	0.0359971
143	1	0.00719942
144	2	0.0143988
145	2	0.0143988
148	2	0.0143988
150	3	0.0215983
151	3	0.0215983
152	2	0.0143988
154	1	0.00719942
156	1	0.00719942
158	5	0.0359971
159	1	0.00719942
160	6	0.0431965
161	3	0.0215983
162	3	0.0215983
165	2	0.0143988
166	3	0.0215983
169	1	0.00719942
170	1	0.00719942
172	1	0.00719942
173	1	0.00719942
176	3	0.0215983
177	2	0.0143988
178	3	0.0215983
179	2	0.0143988
180	2	0.0143988
181	1	0.00719942
182	1	0.00719942
183	2	0.0143988
184	2	0.0143988
185	1	0.00719942
186	2	0.0143988
187	3	0.0215983
188	2	0.0143988
189	1	0.00719942
190	2	0.0143988
193	2	0.0143988
194	1	0.00719942
195	1	0.00719942
196	2	0.0143988
198	2	0.0143988
199	3	0.0215983
200	2	0.0143988
201	1	0.00719942
202	1	0.00719942
204	2	0.0143988
205	3	0.0215983
206	1	0.00719942
209	1	0.00719942
210	1	0.00719942
211	1	0.00719942
212	1	0.00719942
213	2	0.0143988
214	1	0.00719942
216	5	0.0359971
217	3	0.0215983
218	1	0.00719942
219	1	0.00719942
220	1	0.00719942
221	1	0.00719942
222	1	0.00719942
223	2	0.0143988
224	2	0.0143988
225	1	0.00719942
227	1	0.00719942
228	3	0.0215983
229	1	0.00719942
233	1	0.00719942
234	3	0.0215983
237	3	0.0215983
240	1	0.00719942
241	1	0.00719942
243	1	0.00719942
244	1	0.00719942
245	2	0.0143988
246	1	0.00719942
250	1	0.00719942
252	3	0.0215983
253	1	0.00719942
254	2	0.0143988
255	1	0.00719942
256	2	0.0143988
258	2	0.0143988
259	1	0.00719942
260	1	0.00719942
262	1	0.00719942
264	1	0.00719942
265	1	0.00719942
268	3	0.0215983
270	1	0.00719942
271	3	0.0215983
275	1	0.00719942
278	1	0.00719942
280	2	0.0143988
285	2	0.0143988
286	1	0.00719942
287	1	0.00719942
291	1	0.00719942
293	1	0.00719942
294	1	0.00719942
296	2	0.0143988
298	1	0.00719942
302	1	0.00719942
305	1	0.00719942
306	2	0.0143988
307	2	0.0143988
308	2	0.0143988
312	1	0.00719942
313	2	0.0143988
315	1	0.00719942
317	1	0.00719942
319	1	0.00719942
320	1	0.00719942
321	1	0.00719942
326	1	0.00719942
327	1	0.00719942
329	1	0.00719942
330	1	0.00719942
334	1	0.00719942
337	1	0.00719942
338	1	0.00719942
340	1	0.00719942
341	1	0.00719942
346	1	0.00719942
350	1	0.00719942
351	1	0.00719942
352	1	0.00719942
353	1	0.00719942
355	1	0.00719942
360	1	0.00719942
361	1	0.00719942
363	1	0.00719942
364	1	0.00719942
370	1	0.00719942
372	1	0.00719942
376	1	0.00719942
377	2	0.0143988
380	1	0.00719942
384	2	0.0143988
390	3	0.0215983
392	1	0.00719942
430	2	0.0143988
432	1	0.00719942
435	1	0.00719942
437	2	0.0143988
438	1	0.00719942
439	1	0.00719942
442	1	0.00719942
448	1	0.00719942
453	1	0.00719942
455	1	0.00719942
459	1	0.00719942
465	1	0.00719942
480	1	0.00719942
483	1	0.00719942
488	1	0.00719942
497	1	0.00719942
500	1	0.00719942
503	1	0.00719942
508	1	0.00719942
510	1	0.00719942
511	1	0.00719942
515	1	0.00719942
529	1	0.00719942
533	1	0.00719942
539	1	0.00719942
545	1	0.00719942
546	1	0.00719942
548	1	0.00719942
549	2	0.0143988
559	1	0.00719942
566	1	0.00719942
571	2	0.0143988
579	1	0.00719942
581	1	0.00719942
591	1	0.00719942
598	1	0.00719942
602	1	0.00719942
609	1	0.00719942
617	1	0.00719942
636	1	0.00719942
645	1	0.00719942
666	1	0.00719942
672	1	0.00719942
682	1	0.00719942
687	1	0.00719942
692	1	0.00719942
731	1	0.00719942
732	1	0.00719942
738	1	0.00719942
744	1	0.00719942
759	1	0.00719942
777	1	0.00719942
778	1	0.00719942
785	1	0.00719942
792	1	0.00719942
793	1	0.00719942
820	1	0.00719942
906	1	0.00719942
927	1	0.00719942
1026	1	0.00719942
1045	1	0.00719942
1245	1	0.00719942
1456	1	0.00719942
